743.422885
621.824862
559.333215
502.950885
464.922978
442.969316
424.743777
423.721614
409.755824
397.162684
374.375385
374.375385
362.790839
354.853425
354.853425
354.853425
354.853425
354.853425
354.853425
354.853425
354.853425
354.853425
354.853425
354.853425
354.853425
354.853425
354.853425
354.853425
354.853425
354.853425
354.853425
354.853425
354.853425
354.853425
354.853425
354.853425
354.853425
354.853425
354.853425
354.853425
354.853425
354.853425
354.853425
354.853425
354.853425
354.853425
354.853425
354.853425
354.853425
354.853425
354.853425
354.853425
354.853425
354.853425
354.853425
354.853425
354.853425
354.853425
354.853425
354.853425
354.853425
354.853425
354.853425
354.853425
354.853425
354.853425
354.853425
354.853425
354.853425
354.853425
354.853425
354.853425
354.853425
354.853425
354.853425
354.853425
354.853425
354.853425
354.853425
354.853425
354.853425
354.853425
354.853425
354.853425
354.853425
354.853425
354.853425
354.853425
354.853425
354.853425
354.853425
354.853425
354.853425
354.853425
354.853425
354.853425
354.853425
354.853425
354.853425
354.853425
354.853425
354.853425
354.853425
354.853425
354.853425
354.853425
354.853425
354.853425
354.853425
354.853425
354.853425
354.853425
354.853425
354.853425
354.853425
354.853425
354.853425
354.853425
354.853425
354.853425
354.853425
354.853425
354.853425
354.853425
354.853425
354.853425
354.853425
354.853425
354.853425
354.853425
354.853425
354.853425
354.853425
354.853425
354.853425
354.853425
354.853425
354.853425
354.853425
354.853425
354.853425
354.853425
354.853425
354.853425
354.853425
354.853425
354.853425
354.853425
354.853425
354.853425
354.853425
354.853425
354.853425
354.853425
354.853425
354.853425
354.853425
354.853425
354.853425
354.853425
354.853425
354.853425
354.853425
354.853425
354.853425
354.853425
354.853425
354.853425
354.853425
354.853425
354.853425
354.853425
354.853425
354.853425
354.853425
354.853425
354.853425
354.853425
354.853425
354.853425
354.853425
354.853425
354.853425
354.853425
354.853425
354.853425
354.853425
354.853425
354.853425
354.853425
354.853425
354.853425
354.853425
354.853425
354.853425
354.853425
354.853425
354.853425
354.853425
354.853425
