475.605053
446.037298
427.933906
410.182443
399.382817
385.169842
382.513470
382.513470
385.169842
388.721414
386.065042
386.065042
388.721414
385.169842
1039.234932
960.953449
894.407144
823.607712
772.412660
730.507132
692.174131
654.219068
623.455709
586.720521
560.614388
537.555513
515.462034
499.187245
486.202440
473.313901
462.022554
448.224154
436.985149
424.333228
415.554289
408.745019
402.108833
395.696922
387.445281
382.513470
382.513470
385.169842
385.169842
388.721414
386.065042
386.065042
388.721414
393.277459
389.725887
385.169842
382.513470
382.513470
385.169842
388.721414
386.065042
386.065042
388.721414
385.169842
382.513470
382.513470
385.169842
388.721414
386.065042
386.065042
388.721414
385.169842
382.513470
382.513470
385.169842
388.721414
1118.292855
1011.168479
924.698821
852.269677
798.160850
749.178090
703.345230
658.446914
626.620735
588.661757
557.015885
526.307060
504.971459
484.559607
467.389764
454.404960
441.610807
434.801537
429.387580
425.433704
418.019144
415.480781
415.480781
416.597065
415.102890
415.102890
416.597065
418.199165
416.704991
416.704991
418.199165
416.597065
415.102890
415.102890
416.597065
415.480781
415.480781
417.082881
417.082881
418.199165
416.704991
415.102890
415.102890
416.597065
415.480781
415.480781
416.597065
418.199165
416.704991
415.102890
415.102890
416.597065
415.480781
415.480781
416.597065
418.199165
1096.487124
1018.580743
933.095901
855.183888
787.364752
726.764697
670.997874
630.638733
592.665463
556.720418
531.603051
506.553023
484.529770
467.235302
450.454993
437.180370
429.174933
422.254735
414.353258
410.915622
407.987556
406.871272
406.802036
406.802036
406.871272
407.614919
399.570388
399.570388
400.314732
400.314732
401.431016
400.686672
400.686672
401.431016
403.067667
398.470391
386.825869
385.709585
385.709585
386.825869
389.753935
388.637651
388.637651
389.753935
386.825869
385.709585
385.709585
386.825869
389.753935
388.637651
388.637651
389.753935
386.825869
385.709585
385.709585
386.825869
1130.140680
1042.738117
964.048271
875.631855
822.726989
770.203411
719.096913
664.298968
632.978964
604.121253
579.783784
556.723890
533.699059
509.465376
487.153389
476.217945
466.304745
457.529877
