1 9 7 13 11 5 3 8 12 4 14 0 6 2 10 1
1 9 7 6 13 11 5 3 8 12 4 14 0 2 10 1
1 9 7 6 13 5 3 8 12 4 14 0 11 2 10 1
1 12 9 7 6 13 5 3 8 4 14 0 11 2 10 1
1 12 9 7 6 13 5 3 8 4 14 0 11 10 2 1
1 12 9 7 6 13 5 8 4 14 0 11 10 2 3 1
1 12 7 6 13 5 8 9 4 14 0 11 10 2 3 1
1 12 7 6 13 8 9 4 14 0 11 10 2 5 3 1
1 12 7 6 13 9 4 8 14 0 11 10 2 5 3 1
1 12 7 6 9 4 8 14 0 11 10 2 5 3 13 1
1 12 7 9 4 8 14 0 11 10 2 5 3 13 6 1
1 12 7 9 4 8 14 0 11 10 2 5 3 13 6 1
1 6 7 12 9 4 8 14 0 11 10 2 5 3 13 1
1 13 6 7 12 9 4 8 14 0 11 10 2 5 3 1
1 13 6 7 12 9 4 8 14 0 11 10 2 5 3 1
1 13 6 7 12 9 4 8 14 0 11 10 2 5 3 1
1 13 6 7 12 9 4 8 14 0 11 10 2 5 3 1
1 13 6 7 12 9 4 8 14 0 11 10 2 5 3 1
1 13 6 7 12 9 4 8 14 0 11 10 2 5 3 1
1 13 6 7 12 9 4 8 14 0 11 10 2 5 3 1
1 13 6 7 12 9 4 8 14 0 11 10 2 5 3 1
1 13 6 7 12 9 4 8 14 0 11 10 2 5 3 1
1 13 6 7 12 9 4 8 14 0 11 10 2 5 3 1
1 13 6 7 12 9 4 8 14 0 11 10 2 5 3 1
1 13 6 7 12 9 4 8 14 0 11 10 2 5 3 1
1 13 6 7 12 9 4 8 14 0 11 10 2 5 3 1
1 13 6 7 12 9 4 8 14 0 11 10 2 5 3 1
1 13 6 7 12 9 4 8 14 0 11 10 2 5 3 1
1 13 6 7 12 9 4 8 14 0 11 10 2 5 3 1
1 13 6 7 12 9 4 8 14 0 11 10 2 5 3 1
1 13 6 7 12 9 4 8 14 0 11 10 2 5 3 1
1 13 6 7 12 9 4 8 14 0 11 10 2 5 3 1
1 13 6 7 12 9 4 8 14 0 11 10 2 5 3 1
1 13 6 7 12 9 4 8 14 0 11 10 2 5 3 1
1 13 6 7 12 9 4 8 14 0 11 10 2 5 3 1
1 13 6 7 12 9 4 8 14 0 11 10 2 5 3 1
1 13 6 7 12 9 4 8 14 0 11 10 2 5 3 1
1 13 6 7 12 9 4 8 14 0 11 10 2 5 3 1
1 13 6 7 12 9 4 8 14 0 11 10 2 5 3 1
1 13 6 7 12 9 4 8 14 0 11 10 2 5 3 1
1 13 6 7 12 9 4 8 14 0 11 10 2 5 3 1
1 13 6 7 12 9 4 8 14 0 11 10 2 5 3 1
1 13 6 7 12 9 4 8 14 0 11 10 2 5 3 1
1 13 6 7 12 9 4 8 14 0 11 10 2 5 3 1
1 13 6 7 12 9 4 8 14 0 11 10 2 5 3 1
1 13 6 7 12 9 4 8 14 0 11 10 2 5 3 1
1 13 6 7 12 9 4 8 14 0 11 10 2 5 3 1
1 13 6 7 12 9 4 8 14 0 11 10 2 5 3 1
1 13 6 7 12 9 4 8 14 0 11 10 2 5 3 1
1 13 6 7 12 9 4 8 14 0 11 10 2 5 3 1
1 13 6 7 12 9 4 8 14 0 11 10 2 5 3 1
1 13 6 7 12 9 4 8 14 0 11 10 2 5 3 1
1 13 6 7 12 9 4 8 14 0 11 10 2 5 3 1
1 13 6 7 12 9 4 8 14 0 11 10 2 5 3 1
1 13 6 7 12 9 4 8 14 0 11 10 2 5 3 1
1 13 6 7 12 9 4 8 14 0 11 10 2 5 3 1
1 13 6 7 12 9 4 8 14 0 11 10 2 5 3 1
1 13 6 7 12 9 4 8 14 0 11 10 2 5 3 1
1 13 6 7 12 9 4 8 14 0 11 10 2 5 3 1
1 13 6 7 12 9 4 8 14 0 11 10 2 5 3 1
1 13 6 7 12 9 4 8 14 0 11 10 2 5 3 1
1 13 6 7 12 9 4 8 14 0 11 10 2 5 3 1
1 13 6 7 12 9 4 8 14 0 11 10 2 5 3 1
1 13 6 7 12 9 4 8 14 0 11 10 2 5 3 1
1 13 6 7 12 9 4 8 14 0 11 10 2 5 3 1
1 13 6 7 12 9 4 8 14 0 11 10 2 5 3 1
1 13 6 7 12 9 4 8 14 0 11 10 2 5 3 1
1 13 6 7 12 9 4 8 14 0 11 10 2 5 3 1
1 13 6 7 12 9 4 8 14 0 11 10 2 5 3 1
1 13 6 7 12 9 4 8 14 0 11 10 2 5 3 1
1 13 6 7 12 9 4 8 14 0 11 10 2 5 3 1
1 13 6 7 12 9 4 8 14 0 11 10 2 5 3 1
1 13 6 7 12 9 4 8 14 0 11 10 2 5 3 1
1 13 6 7 12 9 4 8 14 0 11 10 2 5 3 1
1 13 6 7 12 9 4 8 14 0 11 10 2 5 3 1
1 13 6 7 12 9 4 8 14 0 11 10 2 5 3 1
1 13 6 7 12 9 4 8 14 0 11 10 2 5 3 1
1 13 6 7 12 9 4 8 14 0 11 10 2 5 3 1
1 13 6 7 12 9 4 8 14 0 11 10 2 5 3 1
1 13 6 7 12 9 4 8 14 0 11 10 2 5 3 1
1 13 6 7 12 9 4 8 14 0 11 10 2 5 3 1
1 13 6 7 12 9 4 8 14 0 11 10 2 5 3 1
1 13 6 7 12 9 4 8 14 0 11 10 2 5 3 1
1 13 6 7 12 9 4 8 14 0 11 10 2 5 3 1
1 13 6 7 12 9 4 8 14 0 11 10 2 5 3 1
1 13 6 7 12 9 4 8 14 0 11 10 2 5 3 1
1 13 6 7 12 9 4 8 14 0 11 10 2 5 3 1
1 13 6 7 12 9 4 8 14 0 11 10 2 5 3 1
1 13 6 7 12 9 4 8 14 0 11 10 2 5 3 1
1 13 6 7 12 9 4 8 14 0 11 10 2 5 3 1
1 13 6 7 12 9 4 8 14 0 11 10 2 5 3 1
1 13 6 7 12 9 4 8 14 0 11 10 2 5 3 1
1 13 6 7 12 9 4 8 14 0 11 10 2 5 3 1
1 13 6 7 12 9 4 8 14 0 11 10 2 5 3 1
1 13 6 7 12 9 4 8 14 0 11 10 2 5 3 1
1 13 6 7 12 9 4 8 14 0 11 10 2 5 3 1
1 13 6 7 12 9 4 8 14 0 11 10 2 5 3 1
1 13 6 7 12 9 4 8 14 0 11 10 2 5 3 1
1 13 6 7 12 9 4 8 14 0 11 10 2 5 3 1
1 13 6 7 12 9 4 8 14 0 11 10 2 5 3 1
1 13 6 7 12 9 4 8 14 0 11 10 2 5 3 1
1 13 6 7 12 9 4 8 14 0 11 10 2 5 3 1
1 13 6 7 12 9 4 8 14 0 11 10 2 5 3 1
1 13 6 7 12 9 4 8 14 0 11 10 2 5 3 1
1 13 6 7 12 9 4 8 14 0 11 10 2 5 3 1
1 13 6 7 12 9 4 8 14 0 11 10 2 5 3 1
1 13 6 7 12 9 4 8 14 0 11 10 2 5 3 1
1 13 6 7 12 9 4 8 14 0 11 10 2 5 3 1
1 13 6 7 12 9 4 8 14 0 11 10 2 5 3 1
1 13 6 7 12 9 4 8 14 0 11 10 2 5 3 1
1 13 6 7 12 9 4 8 14 0 11 10 2 5 3 1
1 13 6 7 12 9 4 8 14 0 11 10 2 5 3 1
1 13 6 7 12 9 4 8 14 0 11 10 2 5 3 1
1 13 6 7 12 9 4 8 14 0 11 10 2 5 3 1
1 13 6 7 12 9 4 8 14 0 11 10 2 5 3 1
1 13 6 7 12 9 4 8 14 0 11 10 2 5 3 1
1 13 6 7 12 9 4 8 14 0 11 10 2 5 3 1
1 13 6 7 12 9 4 8 14 0 11 10 2 5 3 1
1 13 6 7 12 9 4 8 14 0 11 10 2 5 3 1
1 13 6 7 12 9 4 8 14 0 11 10 2 5 3 1
1 13 6 7 12 9 4 8 14 0 11 10 2 5 3 1
1 13 6 7 12 9 4 8 14 0 11 10 2 5 3 1
1 13 6 7 12 9 4 8 14 0 11 10 2 5 3 1
1 13 6 7 12 9 4 8 14 0 11 10 2 5 3 1
1 13 6 7 12 9 4 8 14 0 11 10 2 5 3 1
1 13 6 7 12 9 4 8 14 0 11 10 2 5 3 1
1 13 6 7 12 9 4 8 14 0 11 10 2 5 3 1
1 13 6 7 12 9 4 8 14 0 11 10 2 5 3 1
1 13 6 7 12 9 4 8 14 0 11 10 2 5 3 1
1 13 6 7 12 9 4 8 14 0 11 10 2 5 3 1
1 13 6 7 12 9 4 8 14 0 11 10 2 5 3 1
1 13 6 7 12 9 4 8 14 0 11 10 2 5 3 1
1 13 6 7 12 9 4 8 14 0 11 10 2 5 3 1
1 13 6 7 12 9 4 8 14 0 11 10 2 5 3 1
1 13 6 7 12 9 4 8 14 0 11 10 2 5 3 1
1 13 6 7 12 9 4 8 14 0 11 10 2 5 3 1
1 13 6 7 12 9 4 8 14 0 11 10 2 5 3 1
1 13 6 7 12 9 4 8 14 0 11 10 2 5 3 1
1 13 6 7 12 9 4 8 14 0 11 10 2 5 3 1
1 13 6 7 12 9 4 8 14 0 11 10 2 5 3 1
1 13 6 7 12 9 4 8 14 0 11 10 2 5 3 1
1 13 6 7 12 9 4 8 14 0 11 10 2 5 3 1
1 13 6 7 12 9 4 8 14 0 11 10 2 5 3 1
1 13 6 7 12 9 4 8 14 0 11 10 2 5 3 1
1 13 6 7 12 9 4 8 14 0 11 10 2 5 3 1
1 13 6 7 12 9 4 8 14 0 11 10 2 5 3 1
1 13 6 7 12 9 4 8 14 0 11 10 2 5 3 1
1 13 6 7 12 9 4 8 14 0 11 10 2 5 3 1
1 13 6 7 12 9 4 8 14 0 11 10 2 5 3 1
1 13 6 7 12 9 4 8 14 0 11 10 2 5 3 1
1 13 6 7 12 9 4 8 14 0 11 10 2 5 3 1
1 13 6 7 12 9 4 8 14 0 11 10 2 5 3 1
1 13 6 7 12 9 4 8 14 0 11 10 2 5 3 1
1 13 6 7 12 9 4 8 14 0 11 10 2 5 3 1
1 13 6 7 12 9 4 8 14 0 11 10 2 5 3 1
1 13 6 7 12 9 4 8 14 0 11 10 2 5 3 1
1 13 6 7 12 9 4 8 14 0 11 10 2 5 3 1
1 13 6 7 12 9 4 8 14 0 11 10 2 5 3 1
1 13 6 7 12 9 4 8 14 0 11 10 2 5 3 1
1 13 6 7 12 9 4 8 14 0 11 10 2 5 3 1
1 13 6 7 12 9 4 8 14 0 11 10 2 5 3 1
1 13 6 7 12 9 4 8 14 0 11 10 2 5 3 1
1 13 6 7 12 9 4 8 14 0 11 10 2 5 3 1
1 13 6 7 12 9 4 8 14 0 11 10 2 5 3 1
1 13 6 7 12 9 4 8 14 0 11 10 2 5 3 1
1 13 6 7 12 9 4 8 14 0 11 10 2 5 3 1
1 13 6 7 12 9 4 8 14 0 11 10 2 5 3 1
1 13 6 7 12 9 4 8 14 0 11 10 2 5 3 1
1 13 6 7 12 9 4 8 14 0 11 10 2 5 3 1
1 13 6 7 12 9 4 8 14 0 11 10 2 5 3 1
1 13 6 7 12 9 4 8 14 0 11 10 2 5 3 1
1 13 6 7 12 9 4 8 14 0 11 10 2 5 3 1
1 13 6 7 12 9 4 8 14 0 11 10 2 5 3 1
1 13 6 7 12 9 4 8 14 0 11 10 2 5 3 1
1 13 6 7 12 9 4 8 14 0 11 10 2 5 3 1
1 13 6 7 12 9 4 8 14 0 11 10 2 5 3 1
1 13 6 7 12 9 4 8 14 0 11 10 2 5 3 1
1 13 6 7 12 9 4 8 14 0 11 10 2 5 3 1
1 13 6 7 12 9 4 8 14 0 11 10 2 5 3 1
1 13 6 7 12 9 4 8 14 0 11 10 2 5 3 1
1 13 6 7 12 9 4 8 14 0 11 10 2 5 3 1
1 13 6 7 12 9 4 8 14 0 11 10 2 5 3 1
1 13 6 7 12 9 4 8 14 0 11 10 2 5 3 1
1 13 6 7 12 9 4 8 14 0 11 10 2 5 3 1
1 13 6 7 12 9 4 8 14 0 11 10 2 5 3 1
1 13 6 7 12 9 4 8 14 0 11 10 2 5 3 1
1 13 6 7 12 9 4 8 14 0 11 10 2 5 3 1
1 13 6 7 12 9 4 8 14 0 11 10 2 5 3 1
1 13 6 7 12 9 4 8 14 0 11 10 2 5 3 1
1 13 6 7 12 9 4 8 14 0 11 10 2 5 3 1
1 13 6 7 12 9 4 8 14 0 11 10 2 5 3 1
1 13 6 7 12 9 4 8 14 0 11 10 2 5 3 1
1 13 6 7 12 9 4 8 14 0 11 10 2 5 3 1
1 13 6 7 12 9 4 8 14 0 11 10 2 5 3 1
1 13 6 7 12 9 4 8 14 0 11 10 2 5 3 1
1 13 6 7 12 9 4 8 14 0 11 10 2 5 3 1
1 13 6 7 12 9 4 8 14 0 11 10 2 5 3 1
1 13 6 7 12 9 4 8 14 0 11 10 2 5 3 1
1 13 6 7 12 9 4 8 14 0 11 10 2 5 3 1
1 13 6 7 12 9 4 8 14 0 11 10 2 5 3 1
